(-78.83999999999999, 16.68); (0.0, -0.0); 6.28288547638; -0.208493235078; -0.208193404273; -194.939583738; 54
(-72.04, 15.93); (43.036282941188389, 10.522210757063224); 6.2282943728; -0.0469585357439; 0.00793239863561; 7261.64245309; 76
(-30.58, 12.66); (85.219288932267062, 22.221044972591514); 6.21444244431; 0.0823788067452; 0.151121669617; 385.903533585; 77
(7.23, 11.700000000000001); (125.69574102312629, 36.27312610504994); 0.0130007762292; 0.204527675003; 0.191526898774; 317.78916424; 81
(48.13, 15.5); (163.61236226365637, 53.855077612903557); 0.136975060798; 0.320666544741; 0.183691483943; 333.091740648; 81
(92.3, 25.84); (198.11587570374758, 76.143522954617424); 0.259964763984; 0.443764287221; 0.183799523237; 320.52983874; 78
(133.91, 42.44); (228.36728548951186, 104.24536098963071); 0.415367909414; 0.579406653679; 0.164038744265; 345.615509896; 75
(173.76, 65.03); (253.78397000643201, 138.01579457566643); 0.55933782246; 0.739432352859; 0.180094530399; 302.331076321; 72
(207.68, 92.59); (274.00506450212038, 176.22734299677134); 0.71537287221; 0.900333493377; 0.184960621167; 290.209804079; 71
(237.47, 125.87); (288.6770161454549, 217.61682654229097); 0.872305694097; 1.06172971793; 0.189424023829; 279.005443415; 70
(261.26, 162.64000000000001); (297.44627210531348, 260.92106550157064); 1.04139895009; 1.21800790048; 0.176608950388; 298.052785974; 70
(279.16, 204.08); (299.95944127903874, 304.87699889681153); 1.20767401465; 1.36730270532; 0.15962869067; 323.748204484; 68
(290.10999999999996, 249.04999999999998); (296.02421411423836, 348.33982367501801); 1.35805782542; 1.5113014643; 0.15324363888; 325.808565343; 66
(294.08, 288.04); (285.91163310823487, 390.50490641628426); 1.48825413974; 1.65034677338; 0.16209263364; 318.464434263; 68
(294.14, 291.41); (248.56979945642951, 467.96647699792766); 1.64180764586; 1.82338904178; 0.181581395923; 504.865928458; 122
(248.18, 471.08); (222.0482417525339, 501.77528044327005); 2.03171912803; 2.2760609819; 0.244341853869; 83.3178630408; 27
(235.82, 489.77); (190.7893105248254, 531.32887198093545); 2.17759125664; 2.39626812929; 0.218676872653; 141.232072431; 41
(220.88, 504.14000000000004); (155.45730746821209, 556.10938327004328); 2.36018097574; 2.47029821138; 0.110117235641; 380.145520807; 55
(196.11, 520.73); (116.90096252945131, 575.73318786472407); 2.56062861342; 2.53463129284; -0.0259973205861; -1854.89068823; 64
(154.17, 544.1); (75.972079459497706, 589.81889668403142); 2.64645510185; 2.61253178686; -0.0339233149984; -1335.35830966; 60
(110.97, 564.8499999999999); (33.522462009307333, 597.98512064701708); 2.6890135525; 2.73731933311; 0.0483057806098; 872.264850701; 56
(70.59, 581.0999999999999); (-9.5960731367292738, 599.85181890648209); 2.79845127662; 2.91186717216; 0.113415895538; 363.821543017; 55
(32.97, 590.23); (-52.529609227607011, 595.25787006911878); 2.94074453921; 3.0828545324; 0.142109993189; 302.358308574; 57
(-5.8, 593.08); (-94.419825677484823, 584.50122633089109); 3.09864330161; -3.04508912429; 0.139452881281; 320.263444336; 59
(-45.080000000000005, 590.24); (-134.40784737946376, 567.93764540946017); 3.24944165182; -2.89692596287; 0.136817692488; 337.521163803; 61
(-84.82000000000001, 581.24); (-171.63479922665272, 545.92288502248789); 3.40036634112; -2.75522954088; 0.127589425188; 368.284222679; 62
(-125.77, 565.5400000000001); (-205.24180611215274, 518.81270288763176); 3.53498150067; -2.61006327997; 0.138140526539; 334.749758263; 61
(-161.56, 545.75); (-234.41125971104572, 487.00333929334192); 3.68096697699; -2.46296638738; 0.139251942812; 337.122315526; 62
(-198.86, 514.74); (-258.65327972793432, 451.21253459462196); 3.83023103272; -2.32592346794; 0.12703080652; 344.310092094; 58
(-228.19, 484.03000000000003); (-277.6342702691382, 412.31134360551596); 3.9581658586; -2.17438621617; 0.150633232402; 290.245253728; 58
(-253.35999999999999, 450.76); (-291.02159793152464, 371.17176533997258); 4.10534355592; -2.0127795719; 0.165062179369; 267.930611331; 58
(-270.32, 417.88); (-298.48262931196143, 328.66579881194116); 4.24883043877; -1.8765704528; 0.157784415605; 297.694426867; 62
(-285.16999999999996, 373.67); (-299.68848657102569, 285.66485158349974); 4.41558163573; -1.73429680735; 0.133306864098; 335.539412325; 59
(-293.24, 330.05); (-294.53562569107726, 243.00484410344234); 4.57570963483; -1.58567975148; 0.121795920866; 358.264883822; 58
(-294.70000000000005, 286.39); (-283.26977007832977, 201.46669179509263); 4.69495460919; -1.43700563425; 0.151225063747; 284.399145195; 57
(-291.18, 248.12); (-266.16668764856638, 161.82657846666757); 4.5761363078; -1.2886648293; 0.418384170086; 110.569724895; 61
(-280.3, 217.01999999999998); (-243.50214631756751, 124.86068792638343); 5.11264007325; -1.19090626791; -0.02036103398; -2437.03312821; 66
(-257.46000000000004, 170.15); (-215.55191400111664, 91.345203982453768); 5.20628546727; -1.08203654448; -0.00513670457418; -8688.01689909; 59
(-232.97, 127.99); (-182.69329645893595, 62.040744370288394); 5.28618481955; -0.919435191728; 0.0775652958975; 535.105294314; 55
(-209.68, 97.88); (-145.87177508153081, 37.620823703231508); 5.42726386733; -0.756800151279; 0.0991212885723; 443.439894587; 58
(-182.18, 71.95); (-106.23035409642944, 18.728675718628438); 5.56583803779; -0.611225698125; 0.106121571261; 437.776742039; 61
(-148.10000000000002, 46.85); (-64.912236047320221, 6.0075037513424832); 5.70550300828; -0.456395609002; 0.121286689894; 382.980011952; 61
(-112.29, 28.479999999999997); (-23.06062347783427, 0.10051113624103891); 5.84947375431; -0.307933948471; 0.125777604404; 373.20267234; 62
(-71.77, 14.11); (18.201353760447091, 1.6204878978360284); 5.99440986038; -0.137935044083; 0.15084040272; 302.238203708; 60
(-32.559999999999995, 7.01); (58.35933293192511, 10.257845382854612); 6.15411420635; 0.0357070914453; 0.164778192271; 277.313192268; 60
(8.08, 6.2); (97.602750068481328, 24.636628244023086); 0.0315211871717; 0.203103874611; 0.171582687439; 267.659636398; 61
(47.300000000000004, 12.55); (136.16024567884347, 43.321480137286926); 0.191503533483; 0.333366541003; 0.14186300752; 332.551572686; 62
(87.58, 25.07); (174.26046027174334, 64.877044718643447); 0.340133221742; 0.430510433937; 0.0903772121948; 528.418326975; 63
(130.34, 44.540000000000006); (212.13203435596418, 87.867965644035692); 0.463027177213; 0.487150356642; 0.0241231794291; 1918.66117077; 61
